# generated by Slic3r 1.3.0-dev on 
bed_shape = 0.00406x-0.01001,9.01001x-0.01001,9.01001x8.72852,25.99x8.72852,25.99x0.009591,25.9898x0.009583,25.99x-0.000106,25.99x-0.010445,26.0002x-0.01001,231.01x-0.01001,231.01x8.72852,247.99x8.72852,247.99x0.000196,247.99x-0.01001,248x-0.01001,248.01x-0.0102,248.01x-0.01001,257.01x-0.01001,257.01x228.996,257.026x229.01,257.026x229.01,257.01x229.01,257.011x229.024,257.011x229.024,256.996x229.01,256.99x229.01,256.99x229.01,256.99x229.01,256.99x229.01,247.99x229.01,247.99x220.671,231.01x220.671,231.01x229.01,26.0002x229.01,25.99x229.01,25.99x229,25.9898x228.99,25.99x228.99,25.99x220.671,9.01001x220.671,9.01001x229.01,0.009608x229.01,0.0096x229.01,0.003836x229.01,-0.010979x229.024,-0.010991x229.024,-0.010426x229.01,-0.025511x229.01,-0.025516x229.01,-0.01001x228.996,-0.01001x0.004232,-0.024665x-0.009997,-0.02466x-0.01001,-0.01001x-0.01001,-0.01001x-0.023653,-0.009997x-0.023658
before_layer_gcode = ;layer:[layer_num];\nM117 Layer [layer_num];
between_objects_gcode = 
end_gcode = ; # # # # # # Footer\nM104 S0			; extruder heater off\nM140 S0			; heated bed heater off (if you have it)\nG91 			; relative coordinates\nG1 E-7.5 F300		; retract the filament\nG1 Z+15 X-10 Y-10 F6000	; move XYZ a bit\nG28 X0 Y0			; move X/Y to min endstops, so the head is out of the way\nM84 			; disable motors\n; # # # # # # END Footer
extruder_offset = 0x0
gcode_flavor = reprap
has_heatbed = 1
host_type = octoprint
layer_gcode = 
max_layer_height = 0.4
min_layer_height = 0.2
nozzle_diameter = 0.6
octoprint_apikey = 
pressure_advance = 0
print_host = 
printer_notes = 0.6 mm Nozzle
printer_settings_id = 
retract_before_travel = 8
retract_layer_change = 0
retract_length = 5.2
retract_length_toolchange = 10
retract_lift = 0
retract_lift_above = 0
retract_lift_below = 0
retract_restart_extra = 0
retract_restart_extra_toolchange = 0
retract_speed = 40
serial_port = 
serial_speed = 250000
start_gcode = ; # # # # # # Header\nG21 		; metric values\nG90 		; absolute positioning\nM82 		; set extruder to absolute mode\nM107 		; start with the fan off\nG28 X0 Y0 Z0	; move X/Y/Z to endstops\nG1 X1 Y6 Z30 F12000	; move X/Y/Z to start position\n\nM140 S[first_layer_bed_temperature]		; preheat bed  \nM109 S[first_layer_temperature]			; wait for hotend temperature to be reached  \nM190 S[first_layer_bed_temperature]		; wait for bed temperature to be reached  \n\nG92 E0 		; zero the extruded length\nG1 F150 E22	; purge nozzle with filament\nG92 E0		; zero the extruded length again\nG1 F50 E6	; additional priming\nG92 E0		; zero the extruded length again\n\n; # # # # # # END Header
toolchange_gcode = 
use_firmware_retraction = 0
use_relative_e_distances = 0
use_volumetric_e = 0
vibration_limit = 0
wipe = 0
z_offset = 0
z_steps_per_mm = 0
